"번호","개방서비스명","개방서비스아이디","개방자치단체코드","관리번호","인허가일자","인허가취소일자","영업상태구분코드","영업상태명","상세영업상태코드","상세영업상태명","폐업일자","휴업시작일자","휴업종료일자","재개업일자","소재지전화","소재지면적","소재지우편번호","소재지전체주소","도로명전체주소","도로명우편번호","사업장명","최종수정시점","데이터갱신구분","데이터갱신일자","업태구분명","좌표정보(x)","좌표정보(y)","문화체육업종명","문화사업자구분명","지역구분명","총층수","주변환경명","제작취급품목내용","보험기관명","건물용도명","지상층수","지하층수","객실수","건축연면적","영문상호명","영문상호주소","선박총톤수","선박척수","선박제원","무대면적","좌석수","기념품종류","회의실별동시수용인원","시설면적","놀이기구수내역","놀이시설수","방송시설유무","발전시설유무","의무실유무","안내소유무","기획여행보험시작일자","기획여행보험종료일자","자본금","보험시작일자","보험종료일자","부대시설내역","시설규모",
"1","관광유흥음식점업","07_24_02_P","4490000","CDFI3261122009000001","2009-11-02","","01","영업/정상","13","영업중","","","","","","","","충청남도 천안시 서북구 불당동 684-1번지","충청남도 천안시 서북구 검은들1길 26 (불당동, SKY타워빌딩)","31163","스카이슈퍼돔관광나이트클럽","2017-01-16 14:17:39","I","2018-08-31 23:59:59","","209786.154580437","367840.494734135","관광유흥음식점업","","","0","","","","","0","0","0","0","","","0","0","","0","0","","0","0","","0","","","","","","","0","","","","0",
